#! FIELDS time s.mean
 0.000000 0.099798
 1.000000 0.100106
 2.000000 0.095913
 3.000000 0.106317
 4.000000 0.103300
 5.000000 0.101635
 6.000000 0.104977
 7.000000 0.107122
 8.000000 0.102553
 9.000000 0.105257
 10.000000 0.102626
 11.000000 0.106299
 12.000000 0.099767
 13.000000 0.102715
 14.000000 0.101678
 15.000000 0.097724
 16.000000 0.106785
 17.000000 0.100395
 18.000000 0.102093
 19.000000 0.099537
 20.000000 0.096944
 21.000000 0.101508
 22.000000 0.097312
 23.000000 0.101136
 24.000000 0.100889
 25.000000 0.095622
 26.000000 0.095268
 27.000000 0.098115
 28.000000 0.109098
 29.000000 0.099268
 30.000000 0.105868
 31.000000 0.093459
 32.000000 0.111054
 33.000000 0.107481
 34.000000 0.101935
 35.000000 0.097401
 36.000000 0.104823
 37.000000 0.099917
 38.000000 0.099374
 39.000000 0.091560
 40.000000 0.099491
 41.000000 0.100782
 42.000000 0.105284
 43.000000 0.102818
 44.000000 0.092531
 45.000000 0.098662
 46.000000 0.098475
 47.000000 0.097245
 48.000000 0.099401
 49.000000 0.094632
 50.000000 0.096647
 51.000000 0.110360
 52.000000 0.107466
 53.000000 0.093569
 54.000000 0.090713
 55.000000 0.100974
 56.000000 0.099374
 57.000000 0.101061
 58.000000 0.103500
 59.000000 0.099721
 60.000000 0.105460
 61.000000 0.103070
 62.000000 0.102044
 63.000000 0.109508
 64.000000 0.099048
 65.000000 0.094163
 66.000000 0.090840
 67.000000 0.094564
 68.000000 0.108515
 69.000000 0.100792
 70.000000 0.104363
 71.000000 0.093865
 72.000000 0.103095
 73.000000 0.108510
 74.000000 0.105082
 75.000000 0.101154
 76.000000 0.093278
 77.000000 0.099861
 78.000000 0.105498
 79.000000 0.098763
 80.000000 0.099430
 81.000000 0.101443
 82.000000 0.094708
 83.000000 0.093352
 84.000000 0.109467
 85.000000 0.097053
 86.000000 0.100530
 87.000000 0.085783
 88.000000 0.096069
 89.000000 0.105510
 90.000000 0.101782
 91.000000 0.098462
 92.000000 0.096465
 93.000000 0.095945
 94.000000 0.100853
 95.000000 0.105278
 96.000000 0.102386
 97.000000 0.098479
 98.000000 0.104726
 99.000000 0.092027
