#! FIELDS time s.mean
 0.000000 0.079212
 1.000000 0.077601
 2.000000 0.082785
 3.000000 0.080081
 4.000000 0.088032
 5.000000 0.084998
 6.000000 0.088187
 7.000000 0.082738
 8.000000 0.079193
 9.000000 0.082810
 10.000000 0.087688
 11.000000 0.088230
 12.000000 0.079612
 13.000000 0.087850
 14.000000 0.078323
 15.000000 0.082009
 16.000000 0.079796
 17.000000 0.094811
 18.000000 0.083656
 19.000000 0.076632
 20.000000 0.089595
 21.000000 0.077799
 22.000000 0.085291
 23.000000 0.075294
 24.000000 0.085416
 25.000000 0.093736
 26.000000 0.081439
 27.000000 0.080258
 28.000000 0.071425
 29.000000 0.085195
 30.000000 0.088147
 31.000000 0.077686
 32.000000 0.085005
 33.000000 0.083741
 34.000000 0.088228
 35.000000 0.086304
 36.000000 0.088114
 37.000000 0.077298
 38.000000 0.084083
 39.000000 0.083745
 40.000000 0.076863
 41.000000 0.084660
 42.000000 0.082717
 43.000000 0.088916
 44.000000 0.078681
 45.000000 0.093775
 46.000000 0.079692
 47.000000 0.089936
 48.000000 0.073928
 49.000000 0.084685
 50.000000 0.081364
 51.000000 0.081480
 52.000000 0.092267
 53.000000 0.081673
 54.000000 0.080680
 55.000000 0.083693
 56.000000 0.082148
 57.000000 0.081393
 58.000000 0.089014
 59.000000 0.085528
 60.000000 0.091177
 61.000000 0.076427
 62.000000 0.095958
 63.000000 0.084945
 64.000000 0.077830
 65.000000 0.088098
 66.000000 0.081115
 67.000000 0.082023
 68.000000 0.089127
 69.000000 0.088801
 70.000000 0.079051
 71.000000 0.084819
 72.000000 0.082617
 73.000000 0.080821
 74.000000 0.080944
 75.000000 0.089088
 76.000000 0.083687
 77.000000 0.089690
 78.000000 0.084482
 79.000000 0.090586
 80.000000 0.079877
 81.000000 0.098310
 82.000000 0.075656
 83.000000 0.082990
 84.000000 0.094425
 85.000000 0.081570
 86.000000 0.079582
 87.000000 0.086074
 88.000000 0.085620
 89.000000 0.078622
 90.000000 0.079719
 91.000000 0.075008
 92.000000 0.093528
 93.000000 0.081286
 94.000000 0.081506
 95.000000 0.083569
 96.000000 0.079656
 97.000000 0.078681
 98.000000 0.080351
 99.000000 0.076863
